0.0 0.885002560928
1.0 1.16885517969
1.41421356237 1.26620593502
1.73205080757 1.59151647707
2.0 1.77097225164
2.2360679775 1.21876307398
2.44948974278 1.87356067012
2.64575131106 1.8483952331
2.82842712475 2.23212130236
3.0 1.66093727634
3.16227766017 1.95950093273
3.31662479036 2.43791933004
3.46410161514 1.76511860228
3.60555127546 2.24984835882
3.74165738677 2.07693379149
3.87298334621 2.07825173045
4.0 2.04551088508
4.12310562562 2.3005307473
4.24264068712 1.99603192171
4.35889894354 2.23660133372
